89
99 99 99 99 99 99 99 88 11 11 11 11 11
99 45 36 99 82 53 99 88 11 11 11 11 11
99 52 00 99 86 34 99 88 11 11 11 11 11
99 63 53 99 48 98 99 88 11 11 11 11 11
99 74 62 99 59 73 99 88 11 11 11 11 11
99 58 76 99 64 00 99 88 88 88 88 88 88
99 59 85 99 75 63 99 99 99 99 99 99 99
99 64 95 99 84 75 99 76 82 00 67 45 83
99 00 75 99 93 83 99 85 96 38 78 86 42
99 63 65 99 53 98 99 99 99 99 99 99 99
99 85 59 99 75 00 99 36 47 87 86 48 96
99 94 96 99 76 62 99 00 58 87 87 47 74
99 99 99 99 99 99 99 99 99 99 99 99 99